0.8977058370198522
0.9125021103749665
0.9674576342105865
0.8925633725843259
0.8996310013593459
0.9548225769629846
0.9775085601695749
0.9781667321920395
0.9109450636897236
0.9858002675904168
0.8923971429467201
0.7886909069683479
0.9184781527146697
0.9910546732398698
0.8646566619146291
0.9888989256649483
0.9658051798509997
0.8558418482704007
0.8855327367782593
0.9914322614669799
0.9669439021278831
0.9696221968223309
0.9917853293211564
0.9923092934820387
0.9871169450331707
0.9874716218636961
0.9908173406124114
0.9825987386703491
0.9529724610929794
0.9513488092592784
0.9703554303147072
0.9127161782234907
0.985219114770492
0.9061394305183337
0.9925314523279667
0.9835088372230529
0.9620600757391556
0.9469299793243409
0.9856355155215544
0.9612817764282227
0.8572913472558937
0.9912780927073571
0.9165959448791018
0.9399333484470844
0.9444025255912958
0.9136867678683737
0.9762094939456266
0.9059208231893453
0.972515168098303
0.928483322262764
0.9926691834743206
0.9915710103053313
0.9792138549188772
0.9067115955627881
0.9126519618762864
0.8744582963544268
0.8119683925842129
0.9549333728276767
0.8593518888950348
0.8934089013892743
0.9706345252368761
0.9098705568096854
0.9011664490738672
0.9839420731251056
0.9855645298957825
0.9604941483201652
0.8920293824540244
0.8254396510235776
0.9599206716241971
0.9771386230433429
0.9871106897339677
0.9018807854237301
0.9181019709660456
0.9838286932603812
0.9375496441903322
0.954837647266686
0.8363479824459299
0.9653882409663911
0.8934318659206232
0.9817645735427981
0.9692101871425455
0.9635889149726705
0.9300743329028288
0.9852338948033073
0.9820841180311667
0.865891503339464
0.8022361291779412
0.970813357035319
0.9895831091063363
0.976500928401947
0.9674160339064517
0.9910224487907008
0.9537517897626187
0.9785714135613552
0.9495453810691834
0.9842082972222186
0.9875242932170045
0.8474964009303796
0.8253988122910654
0.9805208292661929
