0.5423612815044088
0.5679049856433186
0.6025306438891097
0.5707834024583128
0.41858507984550747
0.5520545722540716
0.5681654636141255
0.6804785126471888
0.5048863625551077
0.705346780164355
0.5189225513432804
0.5296016083155833
0.5491220839515659
0.6585108190167833
0.42859794847892707
0.5882836429282392
0.6401169938057613
0.5274814277705566
0.6083124899297688
0.5859943164359229
0.6359024908233497
0.6327819580217776
0.5632020850708714
0.623213128599128
0.7534425933700588
0.6638387020493745
0.5714394856385427
0.7484329024662074
0.571927720660771
0.6334449586691115
0.6121167568008968
0.6083491177145937
0.5745243988333121
0.5933099388288534
0.7040065493082638
0.7176154052108522
0.6156735305232671
0.5848710398285444
0.6836667145802591
0.61537871852625
0.46066074229014486
0.6660065669313694
0.607201358261713
0.6444205669589875
0.651256125131202
0.5196871562500679
0.7739211606905704
0.5962426738491866
0.6990062187307637
0.6315019652288187
0.6091723137293126
0.5855861316293134
0.7175405166601501
0.580927665545311
0.5555404208632985
0.5324301327855152
0.5008540917970489
0.6520995727545329
0.4942571898545143
0.5599071028089211
0.6038985089032267
0.48566349832460726
0.7044400108370305
0.6883575923283541
0.6677638351455749
0.6818584038342722
0.6192560970250536
0.47256597621726426
0.6164245147310811
0.6211548633457412
0.6695655521291831
0.6240657049760557
0.6764198818724135
0.7421338198644316
0.6006991460216953
0.6576841126367311
0.47036092979677196
0.6338763235067109
0.6055161505240622
0.6165115364072494
0.6087948887119625
0.6126019489981973
0.5821307178212165
0.5710661242374084
0.5853620185676165
0.564667835655591
0.4238945902651247
0.6538943541650607
0.5988816546450986
0.6609317372473097
0.6549747875299845
0.561148700080332
0.5981876246785365
0.6168167900920748
0.5542748279575139
0.5930594883645731
0.5691629916054299
0.5513682045080671
0.549063918114422
0.7010446679994937
